FPMA: 3282.29328448675 s
FPMB: 3243.04614600763 s
